1.147032016888260841e-03
1.554078981280326843e-02
4.484985396265983582e-02
8.875805139541625977e-02
1.484131067991256714e-01
2.242932766675949097e-01
3.157076835632324219e-01
4.239819049835205078e-01
5.482858419418334961e-01
6.899133920669555664e-01
8.493180274963378906e-01
1.023593187332153320e+00
1.216639399528503418e+00
1.430990576744079590e+00
1.662715792655944824e+00
1.911233663558959961e+00
2.178762197494506836e+00
2.464403629302978516e+00
2.768312692642211914e+00
3.093111753463745117e+00
3.438703536987304688e+00
3.804347038269042969e+00
4.190294265747070312e+00
4.597959518432617188e+00
5.026683330535888672e+00
5.474765777587890625e+00
5.943797111511230469e+00
6.433743476867675781e+00
6.943840026855468750e+00
7.477758407592773438e+00
8.036379814147949219e+00
8.611131668090820312e+00
9.210926055908203125e+00
9.831312179565429688e+00
1.047223758697509766e+01
1.113731861114501953e+01
1.182818317413330078e+01
1.254283714294433594e+01
1.328127479553222656e+01
1.403996467590332031e+01
1.482701015472412109e+01
1.563300323486328125e+01
1.646259498596191406e+01
1.731645202636718750e+01
1.820087432861328125e+01
1.910495567321777344e+01
2.003155899047851562e+01
2.098083496093750000e+01
2.195387840270996094e+01
2.294927787780761719e+01
2.396674919128417969e+01
2.500923347473144531e+01
2.608006858825683594e+01
2.717269515991210938e+01
2.829180335998535156e+01
2.943081283569335938e+01
3.058870315551757812e+01
3.177317619323730469e+01
3.298605728149414062e+01
3.422253799438476562e+01
3.548758316040039062e+01
3.676963424682617188e+01
3.807794952392578125e+01
3.940952682495117188e+01
4.076535034179687500e+01
4.213599777221679688e+01
4.353371810913085938e+01
4.495463562011718750e+01
4.639639663696289062e+01
4.785589218139648438e+01
4.934220123291015625e+01
5.084628295898437500e+01
5.236370086669921875e+01
5.390813827514648438e+01
5.548594665527343750e+01
5.707748031616210938e+01
5.868277359008789062e+01
6.031314468383789062e+01
6.195980072021484375e+01
6.362941741943359375e+01
6.532086181640625000e+01
6.702928924560546875e+01
6.875379943847656250e+01
7.049739837646484375e+01
7.224806213378906250e+01
7.403336334228515625e+01
7.583737182617187500e+01
7.764565277099609375e+01
7.948099517822265625e+01
8.133894348144531250e+01
8.320393371582031250e+01
8.507405090332031250e+01
8.697221374511718750e+01
8.888186645507812500e+01
9.080388641357421875e+01
9.274854278564453125e+01
9.470993041992187500e+01
9.668032073974609375e+01
9.864649200439453125e+01
1.006393127441406250e+02
1.026476058959960938e+02
1.046635589599609375e+02
1.066870956420898438e+02
1.087277221679687500e+02
1.107918167114257812e+02
1.128620758056640625e+02
1.149475860595703125e+02
1.170383529663085938e+02
1.191364974975585938e+02
1.212403793334960938e+02
1.233614807128906250e+02
1.254966278076171875e+02
1.276069564819335938e+02
1.297532196044921875e+02
1.319073791503906250e+02
1.340663909912109375e+02
1.362226867675781250e+02
1.383819885253906250e+02
1.405481109619140625e+02
1.427122344970703125e+02
1.448974609375000000e+02
1.470899047851562500e+02
1.492834167480468750e+02
1.514690246582031250e+02
1.536615600585937500e+02
1.558557434082031250e+02
1.580471496582031250e+02
1.602516632080078125e+02
1.624534454345703125e+02
1.646558532714843750e+02
1.668641967773437500e+02
1.690719757080078125e+02
1.712881164550781250e+02
1.734975891113281250e+02
1.757090148925781250e+02
1.779197845458984375e+02
1.801229400634765625e+02
1.823264160156250000e+02
1.845383453369140625e+02
1.867391510009765625e+02
1.889337921142578125e+02
1.911328125000000000e+02
1.933237152099609375e+02
1.955197296142578125e+02
1.977164154052734375e+02
1.998998413085937500e+02
2.020798034667968750e+02
2.042556915283203125e+02
2.064237365722656250e+02
2.085802001953125000e+02
2.107349548339843750e+02
2.128754272460937500e+02
2.150312805175781250e+02
2.171661376953125000e+02
2.192940063476562500e+02
2.214182434082031250e+02
2.235382843017578125e+02
2.256527862548828125e+02
2.277631835937500000e+02
2.298611755371093750e+02
2.319570617675781250e+02
2.340492858886718750e+02
2.361421966552734375e+02
2.382075347900390625e+02
2.402634277343750000e+02
2.423115386962890625e+02
2.443451690673828125e+02
2.463734130859375000e+02
2.484031982421875000e+02
2.504183044433593750e+02
2.524093017578125000e+02
2.543864746093750000e+02
2.563524475097656250e+02
2.583178710937500000e+02
2.602803344726562500e+02
2.622344360351562500e+02
2.641747436523437500e+02
2.661019897460937500e+02
2.680131530761718750e+02
2.699218750000000000e+02
2.718329772949218750e+02
2.737139587402343750e+02
2.755801391601562500e+02
2.774462585449218750e+02
2.792867431640625000e+02
2.811122131347656250e+02
2.829384460449218750e+02
2.847585449218750000e+02
2.865526733398437500e+02
2.883419189453125000e+02
2.901096801757812500e+02
2.918906250000000000e+02
2.936448059082031250e+02
2.953700866699218750e+02
2.970950622558593750e+02
2.988063354492187500e+02
3.005257263183593750e+02
3.022208557128906250e+02
3.038919982910156250e+02
3.055415344238281250e+02
3.071897277832031250e+02
3.088369750976562500e+02
3.104667968750000000e+02
3.120755920410156250e+02
3.136690979003906250e+02
3.152574768066406250e+02
3.168406677246093750e+02
3.184136962890625000e+02
3.199540710449218750e+02
3.214934387207031250e+02
3.230281372070312500e+02
3.245500183105468750e+02
3.260477600097656250e+02
3.275350036621093750e+02
3.290073242187500000e+02
3.304723815917968750e+02
3.319351501464843750e+02
3.333654174804687500e+02
3.347926635742187500e+02
3.362137145996093750e+02
3.376169128417968750e+02
3.389981689453125000e+02
3.403701782226562500e+02
3.417366943359375000e+02
3.430933837890625000e+02
3.444378051757812500e+02
3.457644348144531250e+02
3.470845336914062500e+02
3.483965148925781250e+02
3.496958923339843750e+02
3.509756164550781250e+02
3.522357177734375000e+02
3.534872131347656250e+02
3.547302856445312500e+02
3.559579162597656250e+02
3.571731567382812500e+02
3.583848266601562500e+02
3.595863647460937500e+02
3.607816162109375000e+02
3.619559631347656250e+02
3.631296691894531250e+02
3.642939453125000000e+02
3.654349975585937500e+02
3.665936889648437500e+02
3.677204589843750000e+02
3.688416748046875000e+02
3.699519958496093750e+02
3.710639038085937500e+02
3.721592407226562500e+02
3.732443542480468750e+02
3.743159790039062500e+02
3.753865356445312500e+02
3.764241638183593750e+02
3.774500427246093750e+02
3.784705810546875000e+02
3.794850463867187500e+02
3.804965209960937500e+02
3.814964294433593750e+02
3.825013122558593750e+02
3.834872741699218750e+02
3.844793395996093750e+02
3.854416198730468750e+02
3.863911132812500000e+02
3.873342895507812500e+02
3.882762756347656250e+02
3.892039794921875000e+02
3.901372070312500000e+02
3.910419616699218750e+02
3.919563293457031250e+02
3.928446655273437500e+02
3.937297668457031250e+02
3.946045532226562500e+02
3.954797363281250000e+02
3.963430786132812500e+02
3.972005310058593750e+02
3.980530090332031250e+02
3.989002075195312500e+02
3.997307739257812500e+02
4.005566406250000000e+02
4.013778991699218750e+02
4.021944274902343750e+02
4.030016479492187500e+02
4.038017883300781250e+02
4.045959777832031250e+02
4.053835144042968750e+02
4.061661987304687500e+02
4.069449768066406250e+02
4.077229003906250000e+02
4.084795227050781250e+02
4.092231140136718750e+02
4.099512023925781250e+02
4.106743164062500000e+02
4.114084472656250000e+02
4.121401672363281250e+02
4.128554077148437500e+02
4.135741271972656250e+02
4.142718200683593750e+02
4.149666442871093750e+02
4.156644897460937500e+02
4.163555603027343750e+02
4.170295410156250000e+02
4.177162170410156250e+02
4.183760681152343750e+02
4.190435180664062500e+02
4.197180480957031250e+02
4.203612976074218750e+02
4.210070190429687500e+02
4.216454772949218750e+02
4.222792358398437500e+02
4.229116821289062500e+02
4.235426330566406250e+02
4.241650390625000000e+02
4.247898559570312500e+02
4.254064941406250000e+02
4.260166625976562500e+02
4.266146240234375000e+02
4.272223510742187500e+02
4.278231811523437500e+02
4.284234619140625000e+02
4.290160522460937500e+02
4.295972900390625000e+02
4.301618041992187500e+02
4.307285156250000000e+02
4.313015747070312500e+02
4.318631591796875000e+02
4.324295043945312500e+02
4.329958801269531250e+02
4.335488586425781250e+02
4.341000061035156250e+02
4.346403808593750000e+02
4.351782531738281250e+02
4.357087402343750000e+02
4.362320251464843750e+02
4.367589111328125000e+02
4.372840576171875000e+02
4.378066406250000000e+02
4.383283081054687500e+02
4.388367309570312500e+02
4.393437805175781250e+02
4.398552246093750000e+02
4.403668823242187500e+02
4.408827209472656250e+02
4.413862915039062500e+02
4.418857116699218750e+02
4.423888854980468750e+02
4.428793640136718750e+02
4.433676757812500000e+02
4.438471069335937500e+02
4.443296203613281250e+02
4.448064575195312500e+02
4.452716979980468750e+02
4.457371826171875000e+02
4.462038269042968750e+02
4.466625976562500000e+02
4.471330566406250000e+02
4.475982055664062500e+02
4.480622863769531250e+02
4.485167541503906250e+02
4.489625244140625000e+02
4.493970947265625000e+02
4.498449096679687500e+02
4.502860107421875000e+02
4.507229614257812500e+02
4.511520996093750000e+02
4.515805969238281250e+02
4.520076904296875000e+02
4.524319152832031250e+02
4.528641662597656250e+02
4.532930908203125000e+02
4.537115478515625000e+02
4.541430053710937500e+02
4.545663452148437500e+02
4.549764404296875000e+02
4.553918457031250000e+02
4.558022155761718750e+02
4.562145385742187500e+02
4.566227722167968750e+02
4.570270385742187500e+02
4.574226379394531250e+02
4.578314514160156250e+02
4.582319030761718750e+02
4.586285705566406250e+02
4.590249938964843750e+02
4.594150390625000000e+02
4.598049011230468750e+02
4.601884155273437500e+02
4.605668334960937500e+02
4.609544067382812500e+02
4.613441162109375000e+02
4.617295837402343750e+02
4.621125488281250000e+02
4.624883422851562500e+02
4.628638916015625000e+02
4.632425842285156250e+02
4.636168518066406250e+02
4.639820251464843750e+02
4.643411560058593750e+02
4.647072753906250000e+02
4.650820922851562500e+02
4.654555664062500000e+02
4.658236083984375000e+02
4.661909179687500000e+02
4.665537414550781250e+02
4.669108276367187500e+02
4.672817382812500000e+02
4.676502685546875000e+02
4.680102844238281250e+02
4.683626098632812500e+02
4.687091369628906250e+02
4.690548400878906250e+02
4.694198913574218750e+02
4.697673034667968750e+02
4.701195068359375000e+02
4.704718322753906250e+02
4.708234863281250000e+02
4.711849365234375000e+02
4.715255432128906250e+02
4.718693847656250000e+02
4.722068176269531250e+02
4.725458679199218750e+02
4.728860473632812500e+02
4.732205810546875000e+02
4.735554199218750000e+02
4.738901062011718750e+02
4.742182922363281250e+02
4.745553588867187500e+02
4.748890991210937500e+02
4.752084960937500000e+02
4.755350036621093750e+02
4.758585815429687500e+02
4.761808471679687500e+02
4.765037841796875000e+02
4.768304138183593750e+02
4.771418151855468750e+02
4.774461975097656250e+02
4.777695312500000000e+02
4.780982360839843750e+02
4.784240112304687500e+02
4.787495727539062500e+02
4.790685424804687500e+02
4.793830261230468750e+02
4.796947937011718750e+02
4.800048217773437500e+02
4.803160095214843750e+02
4.806222839355468750e+02
4.809265136718750000e+02
4.812274169921875000e+02
4.815292053222656250e+02
4.818289489746093750e+02
4.821394042968750000e+02
4.824467468261718750e+02
4.827553710937500000e+02
4.830527038574218750e+02
4.833663330078125000e+02
4.836547851562500000e+02
4.839559020996093750e+02
4.842515563964843750e+02
4.845428771972656250e+02
4.848386840820312500e+02
4.851268615722656250e+02
4.854206848144531250e+02
4.857196960449218750e+02
4.860154724121093750e+02
4.863065185546875000e+02
4.865854187011718750e+02
4.868775939941406250e+02
4.871751708984375000e+02
4.874460449218750000e+02
4.877326049804687500e+02
4.880187377929687500e+02
4.882968750000000000e+02
4.885760803222656250e+02
4.888525695800781250e+02
4.891340026855468750e+02
4.894047241210937500e+02
4.896875000000000000e+02
4.899656982421875000e+02
4.902561340332031250e+02
4.905297851562500000e+02
4.908062438964843750e+02
4.910902099609375000e+02
4.913709716796875000e+02
4.916523742675781250e+02
4.919312133789062500e+02
4.921986389160156250e+02
4.924681701660156250e+02
4.927347106933593750e+02
4.929962463378906250e+02
4.932595825195312500e+02
4.935345764160156250e+02
4.938056335449218750e+02
4.940689697265625000e+02
4.943363342285156250e+02
4.946052856445312500e+02
4.948704528808593750e+02
4.951283874511718750e+02
4.953853759765625000e+02
4.956521606445312500e+02
4.959154052734375000e+02
4.961843872070312500e+02
4.964400329589843750e+02
4.966935119628906250e+02
4.969480285644531250e+02
4.972030944824218750e+02
4.974656677246093750e+02
4.977214660644531250e+02
4.979703674316406250e+02
4.982282409667968750e+02
4.984876708984375000e+02
4.987437133789062500e+02
4.989985351562500000e+02
4.992491455078125000e+02
4.994990539550781250e+02
4.997504577636718750e+02
4.999972839355468750e+02
5.002416381835937500e+02
5.004884643554687500e+02
5.007433776855468750e+02
5.009950256347656250e+02
5.012427673339843750e+02
5.014976806640625000e+02
5.017413024902343750e+02
5.019779663085937500e+02
5.022307739257812500e+02
5.024813232421875000e+02
5.027212524414062500e+02
5.029568481445312500e+02
5.031916809082031250e+02
5.034369201660156250e+02
5.036778259277343750e+02
5.039170532226562500e+02
5.041496582031250000e+02
5.043903808593750000e+02
5.046317138671875000e+02
5.048757629394531250e+02
5.051183166503906250e+02
5.053481140136718750e+02
5.055891723632812500e+02
5.058276977539062500e+02
5.060551452636718750e+02
5.062807617187500000e+02
5.065078430175781250e+02
5.067408447265625000e+02
5.069722290039062500e+02
5.072044677734375000e+02
5.074405517578125000e+02
5.076720275878906250e+02
5.078949279785156250e+02
5.081167907714843750e+02
5.083534240722656250e+02
5.085885009765625000e+02
5.088118896484375000e+02
5.090369262695312500e+02
5.092575073242187500e+02
5.094893798828125000e+02
5.097217712402343750e+02
5.099495239257812500e+02
5.101705017089843750e+02
5.103967285156250000e+02
5.106138610839843750e+02
5.108390808105468750e+02
5.110675659179687500e+02
5.112871704101562500e+02
5.115116577148437500e+02
5.117259216308593750e+02
5.119452819824218750e+02
5.121692504882812500e+02
5.123843994140625000e+02
5.126036376953125000e+02
5.128209838867187500e+02
5.130371093750000000e+02
5.132513427734375000e+02
5.134682006835937500e+02
5.136823120117187500e+02
5.138849487304687500e+02
5.140892333984375000e+02
5.143062744140625000e+02
5.145171508789062500e+02
5.147308959960937500e+02
5.149379272460937500e+02
5.151486206054687500e+02
5.153521118164062500e+02
5.155574340820312500e+02
5.157573852539062500e+02
5.159570312500000000e+02
5.161588134765625000e+02
5.163659057617187500e+02
5.165684814453125000e+02
5.167777709960937500e+02
5.169782714843750000e+02
5.171801757812500000e+02
5.173864135742187500e+02
5.175959472656250000e+02
5.178085937500000000e+02
5.180161132812500000e+02
5.182210693359375000e+02
5.184269409179687500e+02
5.186312866210937500e+02
5.188330688476562500e+02
5.190361938476562500e+02
5.192424926757812500e+02
5.194400634765625000e+02
5.196362304687500000e+02
5.198352050781250000e+02
5.200381469726562500e+02
5.202408447265625000e+02
5.204321289062500000e+02
5.206222534179687500e+02
5.208127441406250000e+02
5.210091552734375000e+02
5.212100830078125000e+02
5.214046020507812500e+02
5.215948486328125000e+02
5.217896728515625000e+02
5.219853515625000000e+02
5.221740112304687500e+02
5.223621826171875000e+02
5.225513916015625000e+02
5.227440795898437500e+02
5.229288330078125000e+02
5.231224365234375000e+02
5.233136596679687500e+02
5.235025634765625000e+02
5.236846313476562500e+02
5.238834838867187500e+02
5.240661621093750000e+02
5.242565917968750000e+02
5.244481811523437500e+02
5.246390991210937500e+02
5.248107910156250000e+02
5.249990234375000000e+02
5.251824951171875000e+02
5.253632202148437500e+02
5.255482177734375000e+02
5.257384643554687500e+02
5.259176635742187500e+02
5.261012573242187500e+02
5.262785034179687500e+02
5.264588012695312500e+02
5.266441650390625000e+02
5.268279418945312500e+02
5.270047607421875000e+02
5.271962890625000000e+02
5.273882446289062500e+02
5.275676879882812500e+02
5.277458496093750000e+02
5.279275512695312500e+02
5.281075439453125000e+02
5.282866821289062500e+02
5.284608764648437500e+02
5.286273803710937500e+02
5.287972412109375000e+02
5.289675292968750000e+02
5.291408081054687500e+02
5.293201904296875000e+02
5.294954223632812500e+02
5.296707153320312500e+02
5.298333129882812500e+02
5.299931030273437500e+02
5.301621704101562500e+02
5.303385009765625000e+02
5.305032958984375000e+02
5.306724243164062500e+02
5.308359985351562500e+02
5.310148315429687500e+02
5.311904907226562500e+02
5.313667602539062500e+02
5.315297851562500000e+02
5.316924438476562500e+02
5.318713378906250000e+02
5.320249023437500000e+02
5.321864013671875000e+02
5.323416137695312500e+02
5.325197143554687500e+02
5.326859741210937500e+02
5.328587646484375000e+02
5.330264282226562500e+02
5.331984252929687500e+02
5.333667602539062500e+02
5.335332641601562500e+02
5.336942749023437500e+02
5.338691406250000000e+02
5.340288696289062500e+02
5.341884155273437500e+02
5.343467407226562500e+02
5.345227050781250000e+02
5.346830444335937500e+02
5.348428344726562500e+02
5.350150146484375000e+02
5.351816406250000000e+02
5.353383178710937500e+02
5.354949951171875000e+02
5.356571044921875000e+02
5.358185424804687500e+02
5.359826660156250000e+02
5.361462402343750000e+02
5.363045043945312500e+02
5.364622802734375000e+02
5.366242675781250000e+02
5.367885131835937500e+02
5.369492187500000000e+02
5.371065673828125000e+02
5.372667236328125000e+02
5.374278564453125000e+02
5.375913696289062500e+02
5.377583007812500000e+02
5.379187011718750000e+02
5.380770263671875000e+02
5.382316894531250000e+02
5.383848266601562500e+02
5.385408325195312500e+02
5.386936645507812500e+02
5.388446044921875000e+02
5.389934082031250000e+02
5.391431274414062500e+02
5.392955322265625000e+02
5.394602661132812500e+02
5.396142578125000000e+02
5.397787475585937500e+02
5.399386596679687500e+02
5.400910034179687500e+02
5.402465209960937500e+02
5.403928833007812500e+02
5.405510253906250000e+02
5.407045288085937500e+02
5.408656616210937500e+02
5.410227661132812500e+02
5.411710815429687500e+02
5.413328247070312500e+02
5.414749755859375000e+02
5.416248779296875000e+02
5.417672119140625000e+02
5.419109497070312500e+02
5.420617675781250000e+02
5.422075805664062500e+02
5.423516845703125000e+02
5.424967041015625000e+02
5.426461791992187500e+02
5.427930908203125000e+02
5.429406127929687500e+02
5.430888061523437500e+02
5.432291259765625000e+02
5.433779907226562500e+02
5.435303344726562500e+02
5.436879272460937500e+02
5.438374023437500000e+02
5.439832153320312500e+02
5.441335449218750000e+02
5.442788085937500000e+02
5.444254760742187500e+02
5.445753784179687500e+02
5.447194824218750000e+02
5.448551635742187500e+02
5.449967041015625000e+02
5.451455078125000000e+02
5.452944946289062500e+02
5.454432373046875000e+02
5.455841064453125000e+02
5.457218627929687500e+02
5.458615112304687500e+02
5.460068359375000000e+02
5.461526489257812500e+02
5.462986450195312500e+02
5.464414062500000000e+02
5.465898437500000000e+02
5.467374877929687500e+02
5.468806152343750000e+02
5.470285644531250000e+02
5.471693115234375000e+02
5.473200683593750000e+02
5.474561767578125000e+02
5.475966186523437500e+02
5.477345581054687500e+02
5.478720092773437500e+02
5.480139770507812500e+02
5.481571655273437500e+02
5.482996215820312500e+02
5.484426879882812500e+02
5.485756225585937500e+02
5.487127075195312500e+02
5.488621215820312500e+02
5.490000000000000000e+02
5.491401367187500000e+02
5.492802124023437500e+02
5.494212036132812500e+02
5.495505981445312500e+02
5.496853637695312500e+02
5.498278808593750000e+02
5.499775390625000000e+02
5.501179809570312500e+02
5.502604980468750000e+02
5.504097290039062500e+02
5.505534057617187500e+02
5.506858520507812500e+02
5.508226318359375000e+02
5.509559936523437500e+02
5.510914306640625000e+02
5.512259521484375000e+02
5.513604125976562500e+02
5.514984130859375000e+02
5.516336059570312500e+02
5.517663574218750000e+02
5.518953857421875000e+02
5.520286865234375000e+02
5.521695556640625000e+02
5.523034057617187500e+02
5.524313354492187500e+02
5.525637817382812500e+02
5.527024536132812500e+02
5.528433837890625000e+02
5.529785766601562500e+02
5.531151733398437500e+02
5.532508544921875000e+02
5.533848876953125000e+02
5.535216064453125000e+02
5.536547241210937500e+02
5.537935791015625000e+02
5.539320068359375000e+02
5.540689697265625000e+02
5.542014770507812500e+02
5.543323364257812500e+02
5.544629516601562500e+02
5.546018066406250000e+02
5.547305908203125000e+02
5.548561401367187500e+02
5.549856567382812500e+02
5.551206665039062500e+02
5.552461547851562500e+02
5.553782958984375000e+02
5.555122070312500000e+02
5.556406250000000000e+02
5.557653808593750000e+02
5.558999023437500000e+02
5.560370483398437500e+02
5.561734619140625000e+02
5.563049926757812500e+02
5.564313964843750000e+02
5.565739135742187500e+02
5.567053833007812500e+02
5.568367919921875000e+02
5.569612426757812500e+02
5.570876464843750000e+02
5.572269897460937500e+02
5.573547973632812500e+02
5.574850463867187500e+02
5.576159057617187500e+02
5.577472534179687500e+02
5.578768920898437500e+02
5.580075683593750000e+02
5.581365356445312500e+02
5.582691650390625000e+02
5.584032592773437500e+02
5.585302124023437500e+02
5.586607055664062500e+02
5.587942504882812500e+02
5.589251708984375000e+02
5.590551757812500000e+02
5.591818847656250000e+02
5.593108520507812500e+02
5.594437255859375000e+02
5.595775146484375000e+02
5.597173461914062500e+02
5.598572998046875000e+02
5.599935913085937500e+02
5.601236572265625000e+02
5.602586059570312500e+02
5.603952636718750000e+02
5.605258178710937500e+02
5.606553955078125000e+02
5.607879028320312500e+02
5.609243164062500000e+02
5.610511474609375000e+02
5.611798706054687500e+02
5.612998046875000000e+02
5.614268188476562500e+02
5.615637817382812500e+02
5.616907348632812500e+02
5.618251953125000000e+02
5.619528808593750000e+02
5.620783081054687500e+02
5.622055664062500000e+02
5.623343505859375000e+02
5.624754638671875000e+02
5.626129150390625000e+02
5.627598266601562500e+02
5.628909301757812500e+02
5.630168457031250000e+02
5.631457519531250000e+02
5.632753906250000000e+02
5.634078369140625000e+02
5.635446166992187500e+02
5.636734619140625000e+02
5.637963256835937500e+02
5.639274902343750000e+02
5.640642089843750000e+02
5.641914062500000000e+02
5.643286132812500000e+02
5.644658203125000000e+02
5.645991821289062500e+02
5.647375488281250000e+02
5.648694458007812500e+02
5.650095214843750000e+02
5.651508789062500000e+02
5.652908935546875000e+02
5.654290771484375000e+02
5.655613403320312500e+02
5.656964111328125000e+02
5.658275756835937500e+02
5.659551391601562500e+02
5.660833129882812500e+02
5.662157592773437500e+02
5.663546752929687500e+02
5.664894409179687500e+02
5.666227416992187500e+02
5.667629394531250000e+02
5.668981323242187500e+02
5.670258178710937500e+02
5.671635742187500000e+02
5.672916870117187500e+02
5.674265136718750000e+02
5.675642089843750000e+02
5.676951293945312500e+02
5.678265991210937500e+02
5.679618530273437500e+02
5.680933227539062500e+02
5.682331542968750000e+02
5.683686523437500000e+02
5.685082397460937500e+02
5.686497192382812500e+02
5.687890625000000000e+02
5.689330444335937500e+02
5.690678710937500000e+02
5.692036743164062500e+02
5.693558349609375000e+02
5.694928588867187500e+02
5.696445312500000000e+02
5.697955322265625000e+02
5.699411621093750000e+02
5.700753784179687500e+02
5.702199096679687500e+02
5.703640747070312500e+02
5.705033569335937500e+02
5.706412963867187500e+02
5.707793579101562500e+02
5.709240112304687500e+02
5.710654296875000000e+02
5.712095947265625000e+02
5.713651733398437500e+02
5.715076293945312500e+02
5.716499023437500000e+02
5.717936401367187500e+02
5.719353027343750000e+02
5.720797729492187500e+02
5.722246093750000000e+02
5.723634033203125000e+02
5.725081176757812500e+02
5.726629028320312500e+02
5.728206176757812500e+02
5.729818115234375000e+02
5.731411132812500000e+02
5.732907714843750000e+02
5.734411621093750000e+02
5.736002807617187500e+02
5.737532958984375000e+02
5.739030151367187500e+02
5.740563354492187500e+02
5.741994018554687500e+02
5.743444824218750000e+02
5.744924926757812500e+02
5.746433105468750000e+02
5.747973022460937500e+02
5.749616699218750000e+02
5.751223144531250000e+02
5.752867431640625000e+02
5.754418334960937500e+02
5.756054687500000000e+02
5.757598266601562500e+02
5.759104614257812500e+02
5.760770263671875000e+02
5.762445068359375000e+02
5.764110717773437500e+02
5.765787353515625000e+02
5.767410888671875000e+02
5.769168090820312500e+02
5.770823364257812500e+02
5.772424316406250000e+02
5.774102783203125000e+02
5.775645751953125000e+02
5.777244262695312500e+02
5.778900146484375000e+02
5.780491333007812500e+02
5.782222290039062500e+02
5.783936157226562500e+02
5.785722656250000000e+02
5.787457885742187500e+02
5.789240722656250000e+02
5.790997924804687500e+02
5.792770996093750000e+02
5.794413452148437500e+02
5.796085815429687500e+02
5.798020629882812500e+02
5.799808349609375000e+02
5.801596679687500000e+02
5.803397827148437500e+02
5.805132446289062500e+02
5.806885986328125000e+02
5.808696289062500000e+02
5.810551757812500000e+02
5.812415771484375000e+02
5.814207153320312500e+02
5.815980224609375000e+02
5.817750854492187500e+02
5.819526977539062500e+02
5.821347045898437500e+02
5.823211669921875000e+02
5.825018920898437500e+02
5.826837768554687500e+02
5.828773193359375000e+02
5.830545654296875000e+02
5.832328491210937500e+02
5.834207153320312500e+02
5.836047973632812500e+02
5.838012695312500000e+02
5.839853515625000000e+02
5.841784667968750000e+02
5.843707275390625000e+02
5.845781250000000000e+02
5.847750854492187500e+02
5.849638671875000000e+02
5.851561889648437500e+02
5.853479614257812500e+02
5.855368652343750000e+02
5.857435913085937500e+02
5.859421997070312500e+02
5.861321411132812500e+02
5.863412475585937500e+02
5.865526123046875000e+02
5.867803955078125000e+02
5.869841918945312500e+02
5.871819458007812500e+02
5.873956909179687500e+02
5.876069335937500000e+02
5.877996215820312500e+02
5.880108032226562500e+02
5.882176513671875000e+02
5.884218139648437500e+02
5.886382446289062500e+02
5.888564453125000000e+02
5.890847167968750000e+02
5.892947998046875000e+02
5.895000000000000000e+02
