3.407557010650634766e-01
6.887096166610717773e-01
1.039897322654724121e+00
1.391097664833068848e+00
1.748282670974731445e+00
2.112011909484863281e+00
2.477280855178833008e+00
2.847955226898193359e+00
3.220429182052612305e+00
3.597380161285400391e+00
3.979259729385375977e+00
4.359302520751953125e+00
4.744524002075195312e+00
5.139979839324951172e+00
5.536412239074707031e+00
5.933407783508300781e+00
6.334103107452392578e+00
6.736706256866455078e+00
7.141197681427001953e+00
7.550772190093994141e+00
7.964757919311523438e+00
8.381932258605957031e+00
8.802292823791503906e+00
9.227059364318847656e+00
9.654949188232421875e+00
1.008433437347412109e+01
1.051656055450439453e+01
1.095133686065673828e+01
1.138800048828125000e+01
1.182883071899414062e+01
1.227491378784179688e+01
1.271922302246093750e+01
1.316824531555175781e+01
1.361868953704833984e+01
1.407027053833007812e+01
1.452554607391357422e+01
1.498533153533935547e+01
1.544815444946289062e+01
1.591364002227783203e+01
1.637951469421386719e+01
1.685075759887695312e+01
1.732169151306152344e+01
1.779495429992675781e+01
1.827069664001464844e+01
1.875217628479003906e+01
1.923352241516113281e+01
1.971615791320800781e+01
2.020007896423339844e+01
2.068578529357910156e+01
2.117250823974609375e+01
2.166008758544921875e+01
2.214985275268554688e+01
2.264332580566406250e+01
2.313731765747070312e+01
2.363392257690429688e+01
2.413009643554687500e+01
2.462561035156250000e+01
2.512347030639648438e+01
2.562456703186035156e+01
2.612674331665039062e+01
2.663182067871093750e+01
2.713536071777343750e+01
2.764116287231445312e+01
2.814757537841796875e+01
2.865485572814941406e+01
2.916007614135742188e+01
2.966765403747558594e+01
3.017565536499023438e+01
3.068356895446777344e+01
3.119046020507812500e+01
3.169883155822753906e+01
3.220635986328125000e+01
3.271177291870117188e+01
3.321853637695312500e+01
3.372879791259765625e+01
3.423732757568359375e+01
3.474394607543945312e+01
3.525123596191406250e+01
3.575724411010742188e+01
3.626359939575195312e+01
3.676999664306640625e+01
3.727552032470703125e+01
3.777928161621093750e+01
3.828301239013671875e+01
3.878305435180664062e+01
3.928600311279296875e+01
3.978905868530273438e+01
4.028771972656250000e+01
4.078733444213867188e+01
4.128778457641601562e+01
4.178422546386718750e+01
4.227702713012695312e+01
4.277147674560546875e+01
4.326344299316406250e+01
4.375345611572265625e+01
4.424392700195312500e+01
4.473348999023437500e+01
4.522023773193359375e+01
4.570107269287109375e+01
4.618337249755859375e+01
4.666454315185546875e+01
4.714278030395507812e+01
4.761804580688476562e+01
4.809273910522460938e+01
4.856808853149414062e+01
4.904042434692382812e+01
4.951171112060546875e+01
4.997989273071289062e+01
5.044535827636718750e+01
5.090755844116210938e+01
5.136950683593750000e+01
5.183026885986328125e+01
5.228121185302734375e+01
5.273590087890625000e+01
5.318876647949218750e+01
5.363856506347656250e+01
5.408388900756835938e+01
5.452611541748046875e+01
5.496589660644531250e+01
5.540111160278320312e+01
5.583722686767578125e+01
5.627167892456054688e+01
5.670250701904296875e+01
5.712778091430664062e+01
5.755137252807617188e+01
5.797199630737304688e+01
5.838890075683593750e+01
5.880498123168945312e+01
5.921680831909179688e+01
5.962597274780273438e+01
6.003307723999023438e+01
6.043703079223632812e+01
6.083979034423828125e+01
6.123775100708007812e+01
6.163319396972656250e+01
6.202551269531250000e+01
6.241353607177734375e+01
6.279904174804687500e+01
6.318329620361328125e+01
6.356263732910156250e+01
6.393825912475585938e+01
6.431196594238281250e+01
6.468165588378906250e+01
6.504962921142578125e+01
6.541508483886718750e+01
6.577584075927734375e+01
6.613359069824218750e+01
6.648823547363281250e+01
6.683921813964843750e+01
6.718596649169921875e+01
6.753012847900390625e+01
6.786978912353515625e+01
6.820960235595703125e+01
6.854393005371093750e+01
6.887499237060546875e+01
6.920334625244140625e+01
6.952896118164062500e+01
6.985165405273437500e+01
7.017169952392578125e+01
7.048789215087890625e+01
7.080174255371093750e+01
7.111312103271484375e+01
7.142277526855468750e+01
7.172640228271484375e+01
7.202674865722656250e+01
7.232416534423828125e+01
7.261772918701171875e+01
7.290869903564453125e+01
7.319824981689453125e+01
7.348390960693359375e+01
7.376453399658203125e+01
7.404155731201171875e+01
7.431543731689453125e+01
7.458763885498046875e+01
7.485786437988281250e+01
7.512541961669921875e+01
7.538955688476562500e+01
7.565044403076171875e+01
7.590750122070312500e+01
7.616300964355468750e+01
7.641761016845703125e+01
7.666652679443359375e+01
7.691222381591796875e+01
7.715662384033203125e+01
7.739635467529296875e+01
7.763264465332031250e+01
7.786795043945312500e+01
7.810115051269531250e+01
7.832975769042968750e+01
7.855644226074218750e+01
7.877947235107421875e+01
7.900305175781250000e+01
7.922196197509765625e+01
7.943609619140625000e+01
7.964905548095703125e+01
7.985942077636718750e+01
8.006972503662109375e+01
8.027589416503906250e+01
8.047811889648437500e+01
8.067668914794921875e+01
8.087414550781250000e+01
8.107048034667968750e+01
8.126379394531250000e+01
8.145368194580078125e+01
8.164083099365234375e+01
8.182647705078125000e+01
8.201062011718750000e+01
8.219270324707031250e+01
8.237017822265625000e+01
8.254665374755859375e+01
8.272176361083984375e+01
8.289458465576171875e+01
8.306386566162109375e+01
8.323116302490234375e+01
8.339601135253906250e+01
8.355928802490234375e+01
8.372160339355468750e+01
8.387949371337890625e+01
8.403634643554687500e+01
8.419183349609375000e+01
8.434465026855468750e+01
8.449441528320312500e+01
8.464247894287109375e+01
8.478931427001953125e+01
8.493441772460937500e+01
8.507758331298828125e+01
8.521827697753906250e+01
8.535761260986328125e+01
8.549545288085937500e+01
8.563142395019531250e+01
8.576473236083984375e+01
8.589541625976562500e+01
8.602466583251953125e+01
8.615250396728515625e+01
8.627818298339843750e+01
8.640209197998046875e+01
8.652511596679687500e+01
8.664658355712890625e+01
8.676693725585937500e+01
8.688461303710937500e+01
8.700180053710937500e+01
8.711747741699218750e+01
8.723049926757812500e+01
8.734481811523437500e+01
8.745543670654296875e+01
8.756507873535156250e+01
8.767322540283203125e+01
8.778110504150390625e+01
8.788693237304687500e+01
8.799134826660156250e+01
8.809403228759765625e+01
8.819619750976562500e+01
8.829485321044921875e+01
8.839199829101562500e+01
8.848826599121093750e+01
8.858358001708984375e+01
8.867824554443359375e+01
8.877146148681640625e+01
8.886476898193359375e+01
8.895595550537109375e+01
8.904735565185546875e+01
8.913570404052734375e+01
8.922253417968750000e+01
8.930846405029296875e+01
8.939397430419921875e+01
8.947780609130859375e+01
8.956183624267578125e+01
8.964299774169921875e+01
8.972471618652343750e+01
8.980384063720703125e+01
8.988236999511718750e+01
8.995967864990234375e+01
9.003674316406250000e+01
9.011255645751953125e+01
9.018753814697265625e+01
9.026180267333984375e+01
9.033536529541015625e+01
9.040715789794921875e+01
9.047832489013671875e+01
9.054889678955078125e+01
9.061877441406250000e+01
9.068758392333984375e+01
9.075556945800781250e+01
9.082280731201171875e+01
9.088925170898437500e+01
9.095501708984375000e+01
9.102027130126953125e+01
9.108525085449218750e+01
9.114820098876953125e+01
9.120984649658203125e+01
9.126998901367187500e+01
9.132955932617187500e+01
9.138977050781250000e+01
9.144962310791015625e+01
9.150792694091796875e+01
9.156633758544921875e+01
9.162279510498046875e+01
9.167886352539062500e+01
9.173499298095703125e+01
9.179035949707031250e+01
9.184420013427734375e+01
9.189888000488281250e+01
9.195124053955078125e+01
9.200402069091796875e+01
9.205718994140625000e+01
9.210773468017578125e+01
9.215830230712890625e+01
9.220812988281250000e+01
9.225743103027343750e+01
9.230647277832031250e+01
9.235523223876953125e+01
9.240317535400390625e+01
9.245114898681640625e+01
9.249835968017578125e+01
9.254491424560546875e+01
9.259038543701171875e+01
9.263645172119140625e+01
9.268187713623046875e+01
9.272711181640625000e+01
9.277162170410156250e+01
9.281513977050781250e+01
9.285726165771484375e+01
9.289943695068359375e+01
9.294192504882812500e+01
9.298345184326171875e+01
9.302518463134765625e+01
9.306682586669921875e+01
9.310732269287109375e+01
9.314757537841796875e+01
9.318692016601562500e+01
9.322596740722656250e+01
9.326438903808593750e+01
9.330213165283203125e+01
9.334004211425781250e+01
9.337770843505859375e+01
9.341508483886718750e+01
9.345230102539062500e+01
9.348843383789062500e+01
9.352437591552734375e+01
9.356053161621093750e+01
9.359658813476562500e+01
9.363285064697265625e+01
9.366812896728515625e+01
9.370301818847656250e+01
9.373808288574218750e+01
9.377214050292968750e+01
9.380594635009765625e+01
9.383905792236328125e+01
9.387229156494140625e+01
9.390502166748046875e+01
9.393685913085937500e+01
9.396864318847656250e+01
9.400041198730468750e+01
9.403155517578125000e+01
9.406340789794921875e+01
9.409479522705078125e+01
9.412602996826171875e+01
9.415653228759765625e+01
9.418636322021484375e+01
9.421537780761718750e+01
9.424518585205078125e+01
9.427445220947265625e+01
9.430337524414062500e+01
9.433170318603515625e+01
9.435990142822265625e+01
9.438793945312500000e+01
9.441570281982421875e+01
9.444391632080078125e+01
9.447183990478515625e+01
9.449900054931640625e+01
9.452693939208984375e+01
9.455428314208984375e+01
9.458068847656250000e+01
9.460736846923828125e+01
9.463364410400390625e+01
9.465998077392578125e+01
9.468600463867187500e+01
9.471170043945312500e+01
9.473676300048828125e+01
9.476260375976562500e+01
9.478784942626953125e+01
9.481278991699218750e+01
9.483766174316406250e+01
9.486205291748046875e+01
9.488638305664062500e+01
9.491024780273437500e+01
9.493373870849609375e+01
9.495773315429687500e+01
9.498181152343750000e+01
9.500555419921875000e+01
9.502908325195312500e+01
9.505210113525390625e+01
9.507505798339843750e+01
9.509815216064453125e+01
9.512091064453125000e+01
9.514305877685546875e+01
9.516479492187500000e+01
9.518688201904296875e+01
9.520945739746093750e+01
9.523187255859375000e+01
9.525392150878906250e+01
9.527586364746093750e+01
9.529748535156250000e+01
9.531872558593750000e+01
9.534073638916015625e+01
9.536253356933593750e+01
9.538376617431640625e+01
9.540451049804687500e+01
9.542485809326171875e+01
9.544511413574218750e+01
9.546644592285156250e+01
9.548670196533203125e+01
9.550717926025390625e+01
9.552761840820312500e+01
9.554796600341796875e+01
9.556883239746093750e+01
9.558844757080078125e+01
9.560820770263671875e+01
9.562754058837890625e+01
9.564692687988281250e+01
9.566632080078125000e+01
9.568535614013671875e+01
9.570436096191406250e+01
9.572332763671875000e+01
9.574186706542968750e+01
9.576086425781250000e+01
9.577964019775390625e+01
9.579755401611328125e+01
9.581583404541015625e+01
9.583390045166015625e+01
9.585186004638671875e+01
9.586981201171875000e+01
9.588792419433593750e+01
9.590515136718750000e+01
9.592197418212890625e+01
9.593977355957031250e+01
9.595784759521484375e+01
9.597570037841796875e+01
9.599351501464843750e+01
9.601091766357421875e+01
9.602804565429687500e+01
9.604498291015625000e+01
9.606178283691406250e+01
9.607862091064453125e+01
9.609515380859375000e+01
9.611152648925781250e+01
9.612770080566406250e+01
9.614388275146484375e+01
9.615991973876953125e+01
9.617648315429687500e+01
9.619284820556640625e+01
9.620924377441406250e+01
9.622500610351562500e+01
9.624159240722656250e+01
9.625682830810546875e+01
9.627269744873046875e+01
9.628823089599609375e+01
9.630350494384765625e+01
9.631898498535156250e+01
9.633403778076171875e+01
9.634933471679687500e+01
9.636487579345703125e+01
9.638020324707031250e+01
9.639526367187500000e+01
9.640967559814453125e+01
9.642472076416015625e+01
9.644002532958984375e+01
9.645391845703125000e+01
9.646858215332031250e+01
9.648320770263671875e+01
9.649738311767578125e+01
9.651158142089843750e+01
9.652561187744140625e+01
9.653987121582031250e+01
9.655355834960937500e+01
9.656781768798828125e+01
9.658180999755859375e+01
9.659640502929687500e+01
9.661011505126953125e+01
9.662394714355468750e+01
9.663811492919921875e+01
9.665209960937500000e+01
9.666608428955078125e+01
9.667992401123046875e+01
9.669315338134765625e+01
9.670645904541015625e+01
9.671961212158203125e+01
9.673247528076171875e+01
9.674540710449218750e+01
9.675888061523437500e+01
9.677212524414062500e+01
9.678498077392578125e+01
9.679799652099609375e+01
9.681106567382812500e+01
9.682392883300781250e+01
9.683641052246093750e+01
9.684883117675781250e+01
9.686169433593750000e+01
9.687435913085937500e+01
9.688727569580078125e+01
9.689952087402343750e+01
9.691164398193359375e+01
9.692379760742187500e+01
9.693595123291015625e+01
9.694843292236328125e+01
9.696056365966796875e+01
9.697235107421875000e+01
9.698454284667968750e+01
9.699678039550781250e+01
9.700883483886718750e+01
9.702081298828125000e+01
9.703255462646484375e+01
9.704425048828125000e+01
9.705599975585937500e+01
9.706751251220703125e+01
9.707888031005859375e+01
9.709034729003906250e+01
9.710215759277343750e+01
9.711380767822265625e+01
9.712524414062500000e+01
9.713699340820312500e+01
9.714819335937500000e+01
9.715905761718750000e+01
9.717063140869140625e+01
9.718208312988281250e+01
9.719303894042968750e+01
9.720376586914062500e+01
9.721443939208984375e+01
9.722555541992187500e+01
9.723647308349609375e+01
9.724729156494140625e+01
9.725778198242187500e+01
9.726861572265625000e+01
9.727945709228515625e+01
9.729041290283203125e+01
9.730127716064453125e+01
9.731153869628906250e+01
9.732228851318359375e+01
9.733291625976562500e+01
9.734303283691406250e+01
9.735303497314453125e+01
9.736309814453125000e+01
9.737339782714843750e+01
9.738359832763671875e+01
9.739382934570312500e+01
9.740420532226562500e+01
9.741436767578125000e+01
9.742414093017578125e+01
9.743383789062500000e+01
9.744415283203125000e+01
9.745439147949218750e+01
9.746411132812500000e+01
9.747388458251953125e+01
9.748344421386718750e+01
9.749346923828125000e+01
9.750350952148437500e+01
9.751332092285156250e+01
9.752282714843750000e+01
9.753254699707031250e+01
9.754185485839843750e+01
9.755149078369140625e+01
9.756124114990234375e+01
9.757059478759765625e+01
9.758015441894531250e+01
9.758924865722656250e+01
9.759855651855468750e+01
9.760803222656250000e+01
9.761713409423828125e+01
9.762637329101562500e+01
9.763552856445312500e+01
9.764461517333984375e+01
9.765360260009765625e+01
9.766268920898437500e+01
9.767163848876953125e+01
9.768009185791015625e+01
9.768860626220703125e+01
9.769763183593750000e+01
9.770639038085937500e+01
9.771525573730468750e+01
9.772381591796875000e+01
9.773252105712890625e+01
9.774092102050781250e+01
9.774936676025390625e+01
9.775758361816406250e+01
9.776577758789062500e+01
9.777404022216796875e+01
9.778250122070312500e+01
9.779077911376953125e+01
9.779929351806640625e+01
9.780745697021484375e+01
9.781566619873046875e+01
9.782402801513671875e+01
9.783250427246093750e+01
9.784108734130859375e+01
9.784945678710937500e+01
9.785770416259765625e+01
9.786598205566406250e+01
9.787419128417968750e+01
9.788226318359375000e+01
9.789038848876953125e+01
9.789863586425781250e+01
9.790650939941406250e+01
9.791431427001953125e+01
9.792222595214843750e+01
9.793026733398437500e+01
9.793830871582031250e+01
9.794586181640625000e+01
9.795336914062500000e+01
9.796087646484375000e+01
9.796860504150390625e+01
9.797650909423828125e+01
9.798413848876953125e+01
9.799157714843750000e+01
9.799919891357421875e+01
9.800683593750000000e+01
9.801417541503906250e+01
9.802149963378906250e+01
9.802884674072265625e+01
9.803631591796875000e+01
9.804346466064453125e+01
9.805094909667968750e+01
9.805831909179687500e+01
9.806559753417968750e+01
9.807260131835937500e+01
9.808023834228515625e+01
9.808724212646484375e+01
9.809453582763671875e+01
9.810185241699218750e+01
9.810914611816406250e+01
9.811568450927734375e+01
9.812284851074218750e+01
9.812981414794921875e+01
9.813666534423828125e+01
9.814366912841796875e+01
9.815085601806640625e+01
9.815762329101562500e+01
9.816453552246093750e+01
9.817119598388671875e+01
9.817797851562500000e+01
9.818492889404296875e+01
9.819180297851562500e+01
9.819841003417968750e+01
9.820556640625000000e+01
9.821272277832031250e+01
9.821939086914062500e+01
9.822601318359375000e+01
9.823274230957031250e+01
9.823941040039062500e+01
9.824603271484375000e+01
9.825245666503906250e+01
9.825859069824218750e+01
9.826483917236328125e+01
9.827109527587890625e+01
9.827745819091796875e+01
9.828402709960937500e+01
9.829043579101562500e+01
9.829683685302734375e+01
9.830277252197265625e+01
9.830858612060546875e+01
9.831473541259765625e+01
9.832113647460937500e+01
9.832711029052734375e+01
9.833323669433593750e+01
9.833914184570312500e+01
9.834558868408203125e+01
9.835192108154296875e+01
9.835825347900390625e+01
9.836410522460937500e+01
9.836994171142578125e+01
9.837634277343750000e+01
9.838183593750000000e+01
9.838761138916015625e+01
9.839314270019531250e+01
9.839947509765625000e+01
9.840538787841796875e+01
9.841152191162109375e+01
9.841745758056640625e+01
9.842354583740234375e+01
9.842950439453125000e+01
9.843537139892578125e+01
9.844104003906250000e+01
9.844719696044921875e+01
9.845281219482421875e+01
9.845841217041015625e+01
9.846395874023437500e+01
9.847011566162109375e+01
9.847571563720703125e+01
9.848129272460937500e+01
9.848729705810546875e+01
9.849308776855468750e+01
9.849852752685546875e+01
9.850395965576171875e+01
9.850957489013671875e+01
9.851515197753906250e+01
9.852082061767578125e+01
9.852645111083984375e+01
9.853189849853515625e+01
9.853732299804687500e+01
9.854287719726562500e+01
9.854850006103515625e+01
9.855400085449218750e+01
9.855937194824218750e+01
9.856484222412109375e+01
9.857032775878906250e+01
9.857589721679687500e+01
9.858156585693359375e+01
9.858700561523437500e+01
9.859236907958984375e+01
9.859761047363281250e+01
9.860278320312500000e+01
9.860804748535156250e+01
9.861319732666015625e+01
9.861827850341796875e+01
9.862327575683593750e+01
9.862830352783203125e+01
9.863339996337890625e+01
9.863891601562500000e+01
9.864406585693359375e+01
9.864955139160156250e+01
9.865488433837890625e+01
9.865995025634765625e+01
9.866512298583984375e+01
9.866997528076171875e+01
9.867521667480468750e+01
9.868029785156250000e+01
9.868563079833984375e+01
9.869081115722656250e+01
9.869570159912109375e+01
9.870101928710937500e+01
9.870568847656250000e+01
9.871061706542968750e+01
9.871527862548828125e+01
9.871998596191406250e+01
9.872492218017578125e+01
9.872968292236328125e+01
9.873437500000000000e+01
9.873908996582031250e+01
9.874394989013671875e+01
9.874872589111328125e+01
9.875350952148437500e+01
9.875830841064453125e+01
9.876284790039062500e+01
9.876765441894531250e+01
9.877256774902343750e+01
9.877764129638671875e+01
9.878244781494140625e+01
9.878713226318359375e+01
9.879195404052734375e+01
9.879660797119140625e+01
9.880130004882812500e+01
9.880609130859375000e+01
9.881067657470703125e+01
9.881500244140625000e+01
9.881950378417968750e+01
9.882424163818359375e+01
9.882897186279296875e+01
9.883368682861328125e+01
9.883814239501953125e+01
9.884249877929687500e+01
9.884691619873046875e+01
9.885149383544921875e+01
9.885609436035156250e+01
9.886068725585937500e+01
9.886516571044921875e+01
9.886981964111328125e+01
9.887445068359375000e+01
9.887892913818359375e+01
9.888354492187500000e+01
9.888793945312500000e+01
9.889263153076171875e+01
9.889686584472656250e+01
9.890122985839843750e+01
9.890550994873046875e+01
9.890976715087890625e+01
9.891416168212890625e+01
9.891857910156250000e+01
9.892298126220703125e+01
9.892739868164062500e+01
9.893148803710937500e+01
9.893571472167968750e+01
9.894030761718750000e+01
9.894454193115234375e+01
9.894882965087890625e+01
9.895311737060546875e+01
9.895742797851562500e+01
9.896138000488281250e+01
9.896548461914062500e+01
9.896981811523437500e+01
9.897437286376953125e+01
9.897863006591796875e+01
9.898296356201171875e+01
9.898747253417968750e+01
9.899181365966796875e+01
9.899581909179687500e+01
9.899995422363281250e+01
9.900396728515625000e+01
9.900804901123046875e+01
9.901208496093750000e+01
9.901612091064453125e+01
9.902026367187500000e+01
9.902432250976562500e+01
9.902828979492187500e+01
9.903214263916015625e+01
9.903611755371093750e+01
9.904031372070312500e+01
9.904429626464843750e+01
9.904810333251953125e+01
9.905204010009765625e+01
9.905615234375000000e+01
9.906032562255859375e+01
9.906433105468750000e+01
9.906837463378906250e+01
9.907238006591796875e+01
9.907632446289062500e+01
9.908035278320312500e+01
9.908426666259765625e+01
9.908834075927734375e+01
9.909240722656250000e+01
9.909641265869140625e+01
9.910028839111328125e+01
9.910411834716796875e+01
9.910793304443359375e+01
9.911198425292968750e+01
9.911573028564453125e+01
9.911938476562500000e+01
9.912313842773437500e+01
9.912705230712890625e+01
9.913069152832031250e+01
9.913451385498046875e+01
9.913838195800781250e+01
9.914208984375000000e+01
9.914569091796875000e+01
9.914955902099609375e+01
9.915351104736328125e+01
9.915742492675781250e+01
9.916120910644531250e+01
9.916483306884765625e+01
9.916891479492187500e+01
9.917266845703125000e+01
9.917642974853515625e+01
9.917998504638671875e+01
9.918357849121093750e+01
9.918753814697265625e+01
9.919116973876953125e+01
9.919486999511718750e+01
9.919858551025390625e+01
9.920230865478515625e+01
9.920597839355468750e+01
9.920966339111328125e+01
9.921331024169921875e+01
9.921704101562500000e+01
9.922081756591796875e+01
9.922438812255859375e+01
9.922805786132812500e+01
9.923179626464843750e+01
9.923546600341796875e+01
9.923910522460937500e+01
9.924265289306640625e+01
9.924624633789062500e+01
9.924996185302734375e+01
9.925368499755859375e+01
9.925757598876953125e+01
9.926146697998046875e+01
9.926525115966796875e+01
9.926885986328125000e+01
9.927259063720703125e+01
9.927636718750000000e+01
9.927998352050781250e+01
9.928356170654296875e+01
9.928720855712890625e+01
9.929096984863281250e+01
9.929445648193359375e+01
9.929799652099609375e+01
9.930129241943359375e+01
9.930477905273437500e+01
9.930851745605468750e+01
9.931199645996093750e+01
9.931567382812500000e+01
9.931916046142578125e+01
9.932257843017578125e+01
9.932603454589843750e+01
9.932954406738281250e+01
9.933338165283203125e+01
9.933712005615234375e+01
9.934110260009765625e+01
9.934465026855468750e+01
9.934805297851562500e+01
9.935153961181640625e+01
9.935504150390625000e+01
9.935861968994140625e+01
9.936229705810546875e+01
9.936576080322265625e+01
9.936906433105468750e+01
9.937258148193359375e+01
9.937625122070312500e+01
9.937965393066406250e+01
9.938331604003906250e+01
9.938698577880859375e+01
9.939053344726562500e+01
9.939422607421875000e+01
9.939773559570312500e+01
9.940145874023437500e+01
9.940522003173828125e+01
9.940892791748046875e+01
9.941259765625000000e+01
9.941609191894531250e+01
9.941966247558593750e+01
9.942312622070312500e+01
9.942649078369140625e+01
9.942987823486328125e+01
9.943335723876953125e+01
9.943701934814453125e+01
9.944055938720703125e+01
9.944405364990234375e+01
9.944773101806640625e+01
9.945127105712890625e+01
9.945461273193359375e+01
9.945821380615234375e+01
9.946156311035156250e+01
9.946508026123046875e+01
9.946866607666015625e+01
9.947206878662109375e+01
9.947549438476562500e+01
9.947899627685546875e+01
9.948240661621093750e+01
9.948602294921875000e+01
9.948953247070312500e+01
9.949314117431640625e+01
9.949680328369140625e+01
9.950039672851562500e+01
9.950410461425781250e+01
9.950758361816406250e+01
9.951107025146484375e+01
9.951497650146484375e+01
9.951849365234375000e+01
9.952236938476562500e+01
9.952624511718750000e+01
9.952996063232421875e+01
9.953339385986328125e+01
9.953707885742187500e+01
9.954075622558593750e+01
9.954430389404296875e+01
9.954780578613281250e+01
9.955132293701171875e+01
9.955498504638671875e+01
9.955857086181640625e+01
9.956222534179687500e+01
9.956616973876953125e+01
9.956976318359375000e+01
9.957336425781250000e+01
9.957698822021484375e+01
9.958055114746093750e+01
9.958418273925781250e+01
9.958782196044921875e+01
9.959130859375000000e+01
9.959494018554687500e+01
9.959882354736328125e+01
9.960276794433593750e+01
9.960679626464843750e+01
9.961077880859375000e+01
9.961451721191406250e+01
9.961826324462890625e+01
9.962222290039062500e+01
9.962602996826171875e+01
9.962974548339843750e+01
9.963355255126953125e+01
9.963710021972656250e+01
9.964070129394531250e+01
9.964437103271484375e+01
9.964810943603515625e+01
9.965190887451171875e+01
9.965595245361328125e+01
9.965991973876953125e+01
9.966396331787109375e+01
9.966777801513671875e+01
9.967179870605468750e+01
9.967559051513671875e+01
9.967927551269531250e+01
9.968336486816406250e+01
9.968746185302734375e+01
9.969153594970703125e+01
9.969562530517578125e+01
9.969959259033203125e+01
9.970388793945312500e+01
9.970790863037109375e+01
9.971179962158203125e+01
9.971587371826171875e+01
9.971961975097656250e+01
9.972350311279296875e+01
9.972752380371093750e+01
9.973136901855468750e+01
9.973554992675781250e+01
9.973969268798828125e+01
9.974401092529296875e+01
9.974819183349609375e+01
9.975248718261718750e+01
9.975670623779296875e+01
9.976096343994140625e+01
9.976489257812500000e+01
9.976891326904296875e+01
9.977355957031250000e+01
9.977783203125000000e+01
9.978211212158203125e+01
9.978640747070312500e+01
9.979055023193359375e+01
9.979473114013671875e+01
9.979903411865234375e+01
9.980345153808593750e+01
9.980789184570312500e+01
9.981214141845703125e+01
9.981635284423828125e+01
9.982054901123046875e+01
9.982476043701171875e+01
9.982906341552734375e+01
9.983345794677734375e+01
9.983772277832031250e+01
9.984201812744140625e+01
9.984658050537109375e+01
9.985075378417968750e+01
9.985494232177734375e+01
9.985935211181640625e+01
9.986367797851562500e+01
9.986827850341796875e+01
9.987259674072265625e+01
9.987710571289062500e+01
9.988159942626953125e+01
9.988644409179687500e+01
9.989103698730468750e+01
9.989543914794921875e+01
9.989991760253906250e+01
9.990438079833984375e+01
9.990876770019531250e+01
9.991356658935546875e+01
9.991817474365234375e+01
9.992257690429687500e+01
9.992742156982421875e+01
9.993230438232421875e+01
9.993756866455078125e+01
9.994227600097656250e+01
9.994683837890625000e+01
9.995175933837890625e+01
9.995662689208984375e+01
9.996105957031250000e+01
9.996591949462890625e+01
9.997066497802734375e+01
9.997535705566406250e+01
9.998031616210937500e+01
9.998529815673828125e+01
9.999051666259765625e+01
9.999531555175781250e+01
1.000000000000000000e+02
